C	This is the symmetric matrix that was created by transforming the assymetric Burma14 distance matrix into a symmetric matrix
C	of double the size

28
153440    153440    153440    153440    153440    153440    153440    153440    153440    153440    153440    153440    153440    153440         0      4231      4552      4728      5156      4616      4594      4170      4269      4502      4266      4603      4469      4451
153440    153440    153440    153440    153440    153440    153440    153440    153440    153440    153440    153440    153440    153440      4262         0      4473      4691      5190      4751      4651      4309      4436      4620      4434      4733      4551      4506
153440    153440    153440    153440    153440    153440    153440    153440    153440    153440    153440    153440    153440    153440      4654      4558         0      4410      4911      4522      4574      4634      4802      5061      4773      4504      4594      4325
153440    153440    153440    153440    153440    153440    153440    153440    153440    153440    153440    153440    153440    153440      4870      4823      4353         0      4633      4384      4544      4823      4978      5270      4938      4378      4642      4434
153440    153440    153440    153440    153440    153440    153440    153440    153440    153440    153440    153440    153440    153440      4963      4990      4762      4535         0      4453      4556      4904      5182      5480      5135      4469      4665      4666
153440    153440    153440    153440    153440    153440    153440    153440    153440    153440    153440    153440    153440    153440      4732      4631      4444      4331      4533         0      4278      4667      4791      5094      4745      4110      4406      4308
153440    153440    153440    153440    153440    153440    153440    153440    153440    153440    153440    153440    153440    153440      4503      4550      4487      4462      4658      4244         0      4443      4623      4925      4576      4240      4230      4302
153440    153440    153440    153440    153440    153440    153440    153440    153440    153440    153440    153440    153440    153440      4156      4270      4535      4691      5085      4562      4521         0      4263      4540      4239      4550      4394      4412
153440    153440    153440    153440    153440    153440    153440    153440    153440    153440    153440    153440    153440    153440      4237      4373      4673      4817      4984      4664      4526      4232         0      4397      4136      4653      4415      4541
153440    153440    153440    153440    153440    153440    153440    153440    153440    153440    153440    153440    153440    153440      4428      4524      4885      5056      5228      4912      4774      4459      4342         0      4379      4901      4662      4778
153440    153440    153440    153440    153440    153440    153440    153440    153440    153440    153440    153440    153440    153440      4234      4372      4650      4784      4945      4627      4488      4212      4136      4443         0      4616      4377      4510
153440    153440    153440    153440    153440    153440    153440    153440    153440    153440    153440    153440    153440    153440      4716      4616      4429      4326      4553      4113      4272      4652      4778      5081      4733         0      4396      4292
153440    153440    153440    153440    153440    153440    153440    153440    153440    153440    153440    153440    153440    153440      4401      4468      4503      4542      4792      4349      4205      4339      4486      4789      4440      4341         0      4315
153440    153440    153440    153440    153440    153440    153440    153440    153440    153440    153440    153440    153440    153440      4531      4431      4283      4372      4793      4356      4349      4483      4641      4930      4603      4337      4364         0
0      4262      4654      4870      4963      4732      4503      4156      4237      4428      4234      4716      4401      4531    153440    153440    153440    153440    153440    153440    153440    153440    153440    153440    153440    153440    153440    153440
4231         0      4558      4823      4990      4631      4550      4270      4373      4524      4372      4616      4468      4431    153440    153440    153440    153440    153440    153440    153440    153440    153440    153440    153440    153440    153440    153440
4552      4473         0      4353      4762      4444      4487      4535      4673      4885      4650      4429      4503      4283    153440    153440    153440    153440    153440    153440    153440    153440    153440    153440    153440    153440    153440    153440
4728      4691      4410         0      4535      4331      4462      4691      4817      5056      4784      4326      4542      4372    153440    153440    153440    153440    153440    153440    153440    153440    153440    153440    153440    153440    153440    153440
5156      5190      4911      4633         0      4533      4658      5085      4984      5228      4945      4553      4792      4793    153440    153440    153440    153440    153440    153440    153440    153440    153440    153440    153440    153440    153440    153440
4616      4751      4522      4384      4453         0      4244      4562      4664      4912      4627      4113      4349      4356    153440    153440    153440    153440    153440    153440    153440    153440    153440    153440    153440    153440    153440    153440
4594      4651      4574      4544      4556      4278         0      4521      4526      4774      4488      4272      4205      4349    153440    153440    153440    153440    153440    153440    153440    153440    153440    153440    153440    153440    153440    153440
4170      4309      4634      4823      4904      4667      4443         0      4232      4459      4212      4652      4339      4483    153440    153440    153440    153440    153440    153440    153440    153440    153440    153440    153440    153440    153440    153440
4269      4436      4802      4978      5182      4791      4623      4263         0      4342      4136      4778      4486      4641    153440    153440    153440    153440    153440    153440    153440    153440    153440    153440    153440    153440    153440    153440
4502      4620      5061      5270      5480      5094      4925      4540      4397         0      4443      5081      4789      4930    153440    153440    153440    153440    153440    153440    153440    153440    153440    153440    153440    153440    153440    153440
4266      4434      4773      4938      5135      4745      4576      4239      4136      4379         0      4733      4440      4603    153440    153440    153440    153440    153440    153440    153440    153440    153440    153440    153440    153440    153440    153440
4603      4733      4504      4378      4469      4110      4240      4550      4653      4901      4616         0      4341      4337    153440    153440    153440    153440    153440    153440    153440    153440    153440    153440    153440    153440    153440    153440
4469      4551      4594      4642      4665      4406      4230      4394      4415      4662      4377      4396         0      4364    153440    153440    153440    153440    153440    153440    153440    153440    153440    153440    153440    153440    153440    153440
4451      4506      4325      4434      4666      4308      4302      4412      4541      4778      4510      4292      4315         0    153440    153440    153440    153440    153440    153440    153440    153440    153440    153440    153440    153440    153440    153440;
