>>> import csvm_data
0
[ 9.]
1
[ 2.50895737]
2
[ 0.61005004]
3
[ 0.38603896]
4
[ 0.33206547]
5
[ 0.30759891]
6
[ 0.28528922]
7
[ 0.28269651]
8
[ 0.25263935]
9
[ 0.23231189]
10
[ 0.24456211]
11
[ 0.22941486]
12
[ 0.21858447]
13
[ 0.21326936]
14
[ 0.21195743]
15
[ 0.2118899]
16
[ 0.21188652]
17
[ 0.21188635]
18
[ 0.21188634]
19
[ 0.21188634]
Optimal Solution  >>
w
[[ 0.23536287]
 [-0.02280066]
 [ 0.17137626]
 [ 0.11211598]
 [ 0.09457784]
 [ 0.17768162]
 [ 0.18014265]
 [ 0.09104447]
 [ 0.18103805]]
gamma
[-4.27453685]

