w -vector
-----------------------------
2.353628736613193051e-01
-2.280066109862627366e-02
1.713762564826206425e-01
1.121159844569786096e-01
9.457783925828179561e-02
1.776816244904973474e-01
1.801426482281254238e-01
9.104447402316484528e-02
1.810380533799601233e-01
-----------------------------
gamma scalar
-----------------------------
-4.274536849011924211e+00
-----------------------------
zeta vector >= 0
-----------------------------
8.270854794947351392e-14
2.399575888939035728e+00
8.261592928203249058e-14
1.791598472448131529e+00
8.268522779723422207e-14
8.575123663685866010e-14
1.497390926937810407e-13
8.288267794637904799e-14
8.320440298457549494e-14
8.265117431395498724e-14
8.322996879363905009e-14
8.309186002103085071e-14
1.327660646809448952e+00
8.255306933627924476e-14
8.314280933484487791e-14
3.215871726516666973e-01
8.278659001491819442e-14
8.273070427641430287e-14
8.274870910793434693e-14
8.268731038417901324e-14
8.163900460410856654e-14
8.303716023293017699e-14
8.291786953213864472e-14
8.314709788902603573e-14
4.800712034736762113e-01
8.282076472590635498e-14
8.271708885931968345e-14
8.309186002109042548e-14
8.320726727537531177e-14
8.299347912674613646e-14
8.296467256563386665e-14
8.157318746111851976e-14
8.292344602280432758e-14
8.284424358629407494e-14
8.309186002109143523e-14
8.255078773731332839e-14
1.808718404471191810e-01
8.243343625338959030e-14
3.588403162880551278e-01
8.460624484262140954e-14
8.402536865054844324e-14
7.689787689815581473e-01
8.271927622101517650e-14
8.327705120077194808e-14
8.295937993707931063e-14
8.329264161279819712e-14
8.268522779714536478e-14
8.249446211145971160e-14
9.005810322695741950e-14
1.218005686090103179e+00
8.220552175359897670e-14
8.087940917120773567e-14
8.189224997576362193e-14
8.269053684430874270e-14
8.270333465991913815e-14
9.514428391869547415e-14
9.095747973519986409e-14
4.718463441850497819e-01
1.198314815330733391e-01
8.295095285347272322e-14
8.327849153394352018e-14
7.640218704074478451e-01
8.329264161279779322e-14
8.629336113460526571e-14
8.273070427628707538e-14
8.290276662794080261e-14
8.377063178428084114e-14
8.299339275924217260e-14
8.269769699688375496e-14
8.102865909180438019e-14
8.259464394474389224e-14
8.334874454012967131e-14
1.062095006398616884e-13
8.257701545470906982e-14
8.297857915521185455e-14
8.259728494622518152e-14
8.255286306958122488e-14
8.301116458034180364e-14
8.272824971008651523e-14
8.276003659231444247e-14
8.266523634399446234e-14
8.249144033015020696e-14
8.311699225983153607e-14
8.104831677679092265e-14
1.016330844677541950e-13
8.247698804820258704e-14
8.273070427626950587e-14
8.296407679429996121e-14
8.314709788907349361e-14
8.299269649972261012e-14
8.273070427626970782e-14
8.329264161285918553e-14
8.296467256583541114e-14
8.314709788907409945e-14
8.318091323556145042e-14
8.270854794888523825e-14
8.245835210350584905e-14
8.405312476774684573e-14
8.207101585091396413e-14
1.664134600305898992e+00
8.271877415118200526e-14
1.773974539928343253e-01
8.369645581096551998e-14
9.725514390462073123e-14
8.380822915102840011e-14
8.255071187667951755e-14
8.297410121455836375e-14
8.215731486733294269e-14
8.258143462262362247e-14
8.312479283051270932e-14
8.215666748905122669e-14
8.418508356390534171e-14
8.266955179122653014e-14
8.229351901540548114e-14
6.142827844957746697e-01
8.178243879367864532e-14
8.260418920923571790e-14
8.252474684303131669e-14
8.299838815704780445e-14
8.260017623982092480e-14
8.474755290894724834e-14
8.344162544797063147e-14
8.228406628970742947e-14
8.329264161317624451e-14
8.227317572274646211e-14
8.281964623738505366e-14
8.223305533112763959e-14
8.276988995578089227e-14
8.269769699706247929e-14
8.296467256573787007e-14
8.380412288363766734e-14
8.278411456282398879e-14
8.284392356794631337e-14
8.256982335136423446e-14
8.278659001487114045e-14
8.303869692399043072e-14
8.274860124658423091e-14
8.303869692399063267e-14
8.323357152675916517e-14
8.164392678933109759e-14
8.229351901523887371e-14
8.309186002147170405e-14
5.969644693063607122e-01
8.287142764835367700e-14
6.608867459895608754e-01
8.501524762427392920e-14
8.322996879369943266e-14
8.228508626789573405e-14
8.398951976581035987e-14
8.252889904452927231e-14
8.344763000345866704e-14
8.287939395884876599e-14
8.299500000987678215e-14
8.296467256573867786e-14
8.571141593785941240e-14
8.407381960352220278e-14
8.265485756673222363e-14
8.281964623715988121e-14
8.348636227398097670e-14
8.261453518973017177e-14
8.341864477166629088e-14
8.178153609946564847e-14
8.281964623715988121e-14
8.347737948874129799e-14
8.303869692399063267e-14
8.314709788895192067e-14
8.329264161290745120e-14
8.647890124916209887e-14
8.208763411625509142e-14
8.370592106132551646e-14
8.296467256573746617e-14
8.265008078576517972e-14
8.273070427643772888e-14
1.588539886405223867e-01
8.322996879369842292e-14
8.344763000345806119e-14
8.268731038396292846e-14
8.396097157008239787e-14
8.224417942651472271e-14
8.304221351394862694e-14
8.259220938796298403e-14
8.498797403023702395e-14
8.345962713860309083e-14
8.279023563405666678e-14
8.551983809411129734e-14
8.462385622779749242e-14
8.271708885895819583e-14
8.314709788895171872e-14
8.281964623715887146e-14
8.273070427643813278e-14
3.736761609108072868e+00
8.231594225840885317e-14
8.344763000345806119e-14
8.291786953179896753e-14
8.446937391573967570e-14
8.430676916071519118e-14
8.314709788895171872e-14
8.270854794887291940e-14
8.314709788895232457e-14
8.522869337403599566e-14
8.228352889336662283e-14
8.322996879369842292e-14
8.322996879369943266e-14
8.276285921218201465e-14
8.631059759514463683e-14
8.404228177107614380e-14
8.314709788895171872e-14
8.712510254773148531e-14
8.618249139063892651e-14
8.223295389555239760e-14
8.329264161290543171e-14
8.314709788895091093e-14
8.256297439947687617e-14
7.887739387506408754e-14
8.309765550084859016e-14
8.498793161687281908e-14
2.232808020041748609e+00
8.217655054614396668e-14
8.405222859991819999e-14
8.329264161298944225e-14
8.441816229130058184e-14
8.231561035474897382e-14
8.322996879373174441e-14
8.731476495098914752e-14
8.201045501274261136e-14
8.360799651006596691e-14
1.517926198778002389e+00
8.188584906679364935e-14
8.503721321461459469e-14
8.132675736817689893e-14
8.518769002433696516e-14
8.197098008403749446e-14
8.892928041831112129e-02
8.282960882539345144e-14
8.296467256573080187e-14
8.264558916292760690e-14
8.314709788901371688e-14
8.258037589310893888e-14
8.530389287528081285e-14
8.211343064211848034e-14
8.257449689362407590e-14
8.313742789480126668e-14
8.218415863902537707e-14
2.743261339012649014e+00
8.402536865040505988e-14
8.327849153406246778e-14
8.289842804916452324e-14
8.303869692405586200e-14
8.291786953184077084e-14
8.281964623716634355e-14
2.034408757811877688e+00
8.287181317529731274e-14
8.527479671333762804e-14
8.451982349562324766e-14
8.304687111044221674e-14
8.257444796926519907e-14
7.789357460278288993e-14
8.340997568855953144e-14
7.978871225781952058e-14
8.187894231919508577e-14
8.314709788893111999e-14
8.253646626162579476e-14
8.270854794879779460e-14
7.978871225782012643e-14
8.859176093220323400e-01
8.329264161302579296e-14
8.314709788893091804e-14
8.056532061630510576e-14
8.281964623708818953e-14
8.292344602266235786e-14
8.306059869781515606e-14
8.200957514417472113e-14
8.229228321942611115e-14
8.638489710644798388e-14
8.687458328099601724e-14
8.284392356796691210e-14
2.642438224494571221e-13
8.329112268889895443e-14
8.344763000339404355e-14
8.314709788902199677e-14
8.239951359967326669e-14
1.661367959240345415e+00
7.614670872384795798e-14
8.204699836075069792e-14
8.138020482842157654e-14
8.314709788894424663e-14
8.724876175877967898e-14
8.314709788894424663e-14
8.224788390443062992e-14
8.401188609704881260e-14
8.314709788897615448e-14
8.314709788897534669e-14
8.134318725901534465e-14
7.909901966414360399e-14
8.301116458012935393e-14
8.344763000341423839e-14
8.532407992829504937e-14
8.344763000341423839e-14
8.337811042263274104e-14
8.350105303217391657e-14
8.374936228863875043e-14
8.290421184881356215e-14
1.880726136045650421e+00
8.204058830527876185e-14
8.281964623715341886e-14
8.270824122274386618e-14
8.314709788897635643e-14
8.252896663343470775e-14
8.278364808378326452e-14
8.329264161291048042e-14
8.068289278702148342e-14
8.232114829766982605e-14
8.182348041121941017e-14
8.271130894130694961e-14
8.263092862986881134e-14
8.280472360479744142e-14
8.219846617787594567e-14
8.344763000346189821e-14
8.243361066553246326e-14
8.314709788893192778e-14
8.337811042273351329e-14
8.217116083683373095e-14
8.228372907581580110e-14
8.314709788885094648e-14
8.323357152680904642e-14
8.344763000344190532e-14
8.384397656747580399e-14
8.344763000344028974e-14
8.252694478563205096e-14
8.320509589978223239e-14
1.207815761006711730e+00
8.403367382255292501e-14
8.270662358868409702e-14
8.296467256592608597e-14
1.176543602072387840e+00
8.340042818920946370e-14
8.329264161297449806e-14
8.262689094630952893e-14
1.366425791956490166e+00
8.523991916678119370e-14
8.228758937652592972e-14
8.210861110754397531e-14
8.637656883051411753e-14
8.239179873506034635e-14
8.251379010802835976e-14
8.113317899743946409e-14
8.296467256592568207e-14
8.309186002157752500e-14
8.582641881885329585e-14
8.466344398319721290e-14
8.320726727515114905e-14
8.315150490280830207e-14
8.254387231281127262e-14
8.320726727515094711e-14
8.274860124653616719e-14
8.269900288950855706e-14
8.284424358616200069e-14
8.344763000346048458e-14
8.329264161301145462e-14
8.337811042277551855e-14
8.261711202558006597e-14
1.535781269289027592e-13
8.344763000346109042e-14
8.398455023548314683e-14
8.258628822894547509e-14
8.323357152677956196e-14
8.323357152677956196e-14
8.260613831197145530e-14
8.205335055248874801e-14
8.127827551235483013e-14
8.294074346265800668e-14
8.257678633803722057e-14
8.323876974193137557e-14
8.468980475464183628e-14
8.291786953172303493e-14
8.353506995864683295e-14
8.289803594671077257e-14
8.291786953172263103e-14
8.281964623716068900e-14
8.287432533657335099e-14
8.263038727143263307e-14
8.302630826808965448e-14
8.325397991398915915e-14
8.303869692408433672e-14
8.272601830700572094e-14
8.245083735307729018e-14
8.298515271910611036e-14
8.329264161291249991e-14
8.264387768222578466e-14
8.329264161291249991e-14
8.247960534747894809e-14
8.284424358623571185e-14
8.329264161291249991e-14
8.330258436878507455e-14
8.270177800584737680e-14
8.262176634200687454e-14
3.720649678097131541e-01
8.368158154252265627e-14
8.329264161296238116e-14
5.277260596487454158e-02
8.263238430596584610e-14
8.259594804377152522e-14
8.539710852189352258e-14
8.269722808634885128e-14
8.269769699728381473e-14
8.303869692403405158e-14
8.813004614341456259e-14
8.186973140925648140e-14
8.303421863154728438e-14
8.329264161296157337e-14
8.309186002153713533e-14
8.275632281879302544e-14
8.120719430166626880e-14
8.265421288042761820e-14
8.271761306696557606e-14
2.670687947285626418e+00
8.319960892935297711e-14
8.287980951334326878e-14
8.287432533656345552e-14
8.270772740275455782e-14
8.275867867040736012e-14
8.283477286442270872e-14
3.817357848595792423e-13
8.266838096362078706e-14
8.309380111877205241e-14
8.096362980994556641e-14
8.323357152682722178e-14
8.344763000354913992e-14
8.275867867039463737e-14
8.353506995865794011e-14
8.448542206649176570e-14
8.279997875247253337e-14
8.275867867039423347e-14
8.294793301431564415e-14
8.306249207180934648e-14
8.277999979410854236e-14
6.231322827032195200e-01
8.414821140130217591e-14
8.277597607592011909e-14
8.273289678064077316e-14
8.272328149095346224e-14
8.270662358857504489e-14
8.256002239439360933e-14
8.263268844612191322e-14
8.274735908866365208e-14
8.287432533664807190e-14
8.356949018224978497e-14
8.417500714266025394e-14
8.282419750723492654e-14
8.287432533661192313e-14
8.317706063228209195e-14
8.299347912645593662e-14
8.263268844621844456e-14
8.276231452247483848e-14
8.287432533661232703e-14
8.275867867041725559e-14
8.303869692415966348e-14
8.281020439073289486e-14
8.287432533661212508e-14
8.263667108436511608e-14
8.305093441893000401e-14
8.282130693995828715e-14
8.257715891152633418e-14
8.573435636329261325e-14
8.492892442252222056e-14
8.273289678064743746e-14
8.274130743289721073e-14
8.299347912645654247e-14
8.522940960374067654e-14
9.961650387163809572e-01
1.488779956865409204e+00
8.344763000355822760e-14
8.231308614985185793e-14
8.285258293309915886e-14
8.419857017944076603e-14
1.242476519075991881e+00
8.299347912670130392e-14
8.353506995893218603e-14
8.271513996116372533e-14
8.278659001496282502e-14
8.278659001496282502e-14
8.268731038378581972e-14
8.278659001496282502e-14
8.276003659238694194e-14
8.273070427647710882e-14
8.344763000364910437e-14
8.268533623669129585e-14
8.360101879448211164e-14
8.245699253708979583e-14
8.275867867031284827e-14
8.323357152671130340e-14
8.344763000364910437e-14
8.271708885890306392e-14
8.275867867031305022e-14
8.299347912670150587e-14
8.418733158250150609e-14
8.399409820431819086e-14
8.353506995879566892e-14
8.337811042268403593e-14
8.290576372135850302e-14
8.213842019821714084e-14
8.336078988119975080e-14
8.280287867480950079e-14
8.263933532140353025e-14
8.217552693228098710e-14
8.291786953184844488e-14
8.299269649956650401e-14
8.287432533669633756e-14
8.273070427646559776e-14
8.240242200528500246e-14
8.285258293306765491e-14
8.266095311113343388e-14
8.264387768225304769e-14
8.322996879395368569e-14
8.291786953184844488e-14
8.309186002166496866e-14
8.291311204766132723e-14
8.270854794889634541e-14
8.270177800601600370e-14
8.278659001492061780e-14
8.270919796999083600e-14
8.264899878048059968e-14
8.303869692400678854e-14
8.254254103872714868e-14
8.278659001492021391e-14
8.287274027739804335e-14
8.271708885897112052e-14
8.515847792293593483e-14
8.331813872122779500e-14
8.311915004412478181e-14
8.231509177791093845e-14
8.291786953184844488e-14
8.314709788901674611e-14
8.261040576127380568e-14
7.704604454817062317e-14
8.303869692400759634e-14
8.166931364666317156e-14
8.271426132225676511e-14
8.270662358861402093e-14
8.309186002166537255e-14
8.271708885897112052e-14
8.270854794889634541e-14
8.270854794889634541e-14
8.314709788901775585e-14
8.291786953184864683e-14
8.265485756686308619e-14
8.498962207372075982e-14
8.276995984697190661e-14
8.258970944020033915e-14
8.253783525743311860e-14
8.351627473025864588e-14
8.365083912810311852e-14
8.469920838370469462e-14
8.291786953190822161e-14
8.329264161311969896e-14
8.194784530114139994e-14
8.270177800602731281e-14
8.271708885896425428e-14
8.329264161312050675e-14
8.329264161312010285e-14
8.314709788896686485e-14
8.271487201025982575e-14
8.337498233111670494e-14
8.404469236152967873e-14
8.303869692400073009e-14
8.214465701959922245e-14
8.344763000356226656e-14
8.684127907354522678e-14
8.265421288042721430e-14
8.265016502074602758e-14
8.275867867039059840e-14
9.736548905615396286e-14
8.243042793061722904e-14
8.203169366587695667e-14
8.273289678076254804e-14
8.260818291572945404e-14
8.271708885894789646e-14
8.274860124641035334e-14
8.254630676504652766e-14
8.291786953191629954e-14
8.276225507951220317e-14
8.291786953191589564e-14
8.337811042264001118e-14
8.278659001506743428e-14
8.330305797776422063e-14
8.266348759292005676e-14
8.396278063072906117e-14
8.283832649510969215e-14
8.344763000347623655e-14
8.450756017660760001e-14
8.275867867033950546e-14
8.207684511095382494e-14
8.216736437132986614e-14
8.711070524573207781e-14
8.273108747577771779e-14
8.317356552292344509e-14
8.273019537409774667e-14
8.291786953190014367e-14
8.278659001504602775e-14
8.271708885894668477e-14
8.291786953190014367e-14
9.117503160065715262e-01
2.850819872144660927e-02
8.344763000353379184e-14
8.276000567023640539e-14
8.259963966759394243e-14
8.241909314247143156e-14
8.238595663976231812e-14
8.323357152677754248e-14
8.287432533678095394e-14
8.269599672086698193e-14
8.271708885894668477e-14
8.344763000353379184e-14
8.345609709676195074e-14
8.303869692403990808e-14
8.281217963248827225e-14
8.296474127405313637e-14
8.137046006696409610e-14
8.287432533678075199e-14
8.270662358867379765e-14
8.280299241334269443e-14
8.291786953190054757e-14
8.291786953190014367e-14
8.344763000353379184e-14
8.323357152677653273e-14
8.291786953190014367e-14
8.313742789487356421e-14
8.333395354621826997e-14
8.363961178579518793e-14
8.291786953195668922e-14
8.247240592863520922e-14
8.300250393330296235e-14
8.265421288039550840e-14
8.278659001503108357e-14
8.281964623732911396e-14
8.291786953195668922e-14
8.271708885890791068e-14
9.821093225302410801e-01
8.316465205987933050e-14
8.344763000367394403e-14
8.329264161309667684e-14
8.273070427640743662e-14
8.307157991069186970e-14
8.307157991069186970e-14
8.284160850504378831e-14
8.344763000367394403e-14
8.267890999514360965e-14
8.281964623732951786e-14
1.130268607396620955e-13
8.301814699555796368e-14
8.249371793890347713e-14
8.265454563410322254e-14
8.296467256600989455e-14
8.257032617595770938e-14
8.329264161309728269e-14
8.274312756118189785e-14
8.317706063209448190e-14
8.275867867031163658e-14
8.344763000357418152e-14
8.323357152677431130e-14
8.786069858047627110e-14
8.408573368376858050e-14
8.266938544498239471e-14
8.344763000361961991e-14
8.344763000363456409e-14
8.344763000363496799e-14
8.344763000363355435e-14
8.266342036435780099e-14
8.287432533673127463e-14
8.342019524970770555e-14
8.333395354632085975e-14
8.312427193014533592e-14
8.303869692406050681e-14
8.293515510466976877e-14
8.267039693484661529e-14
8.323357152672160277e-14
8.205903212463303391e-14
8.337112478305887923e-14
8.260917526289108164e-14
----------------------------------------
